"leukemia_A1"	"leukemia_A2"	"leukemia_A3"	"leukemia_B1"	"leukemia_B2"	"leukemia_B3"
"COL4A2"	2.31822549233818	3.63819054519763	7.10545882020199	7.29694286251057	4.81354477080368	1.71794402411991
"LINC01503"	6.34402723789509	3.68459672591847	7.20524615335458	4.17694759540023	6.43673588092831	0.169872536440465
"USP17L26"	-2.18226801746434	5.37677819574227	-0.853340985153277	5.285599612909	11.0676736011493	1.76955464036534
"TNK1"	3.7405434256087	3.25464698471466	3.79916023491359	3.75320057654607	4.83415117295898	2.57432882428294
"MAK"	2.2214098971694	4.21643105118904	1.64250815419568	7.0172068815838	1.08280485641495	1.18670207262022
"SCAF4"	6.59932006276088	14.0430459807818	1.56232234242969	4.0160075511335	8.86317736554965	5.98628469163908
"XPNPEP2"	3.30532585934202	2.48902915696384	3.50682343985646	0.532387018792932	3.28487954861258	-0.365935489454324
"UBE2R2"	7.85472981583643	8.09593396517024	4.29541235288794	5.02283321766515	7.38099711571222	3.36182493568552
"TRAPPC8"	2.46879511813799	2.6645151320967	4.46871354968312	4.16869305767067	3.41561564357867	3.28492354850497
"SCDP1"	3.35925094411074	4.71404318419416	1.56677085259555	5.61601387204214	2.90226620798956	-3.57411746228417
"CARD17"	2.23520446577581	3.16703030752066	6.5541637205012	-2.51951466006219	3.1083365111491	-2.61544843731706
"HCG22"	7.77760404662338	3.83546659910036	2.53396985602398	4.02321979011515	0.295504136059295	6.71170733243822
"RNU6-24P"	3.19024195566318	-0.583039020159261	3.29086652173376	-0.372678558449167	4.61726514333181	2.23622918969004
"LYPLA1"	4.9826828036844	3.55335834306915	-0.63802163032764	0.172454133607059	8.06835120745725	1.76612490050035
"CST2P1"	2.61715374830401	1.82870928769448	5.19665132305833	0.678248336342268	4.85295352603937	4.31012047280509
"AGPS"	10.5282695882045	5.71971127647739	4.51454012866082	9.0057777292157	0.212636431430658	11.4752160983294
"GLIS2-AS1"	7.36147243422853	2.71925903885452	2.28795479598229	1.04019586634241	3.11692527356463	0.752964727168519
"ZNF75BP"	4.54221307017326	-0.418637944700839	0.387324558002018	-0.0471415987020132	7.96921486885736	4.75065281264456
"MYO3A"	3.93940210840137	6.43343902187169	1.37543780438302	2.19710219031674	4.72376647405407	1.53642882209773
"RN7SKP23"	3.90386531984223	4.22194049152388	1.0945632672676	5.39773037251591	1.69688073799797	1.96272238757758
"ZDHHC19"	8.00791954600011	-0.572577991981555	5.90520359630978	3.41561204362583	2.38217931037082	-1.84070671280561
"MINOS1P3"	6.4594868395158	7.56214480063869	1.95983452751365	-1.05289850260665	4.47307836069853	8.7659937912783
"TRPM5"	3.0807588135432	2.71026900507691	1.28582670760055	1.3672129090534	2.71513345077189	4.22090550463656
"SAA3P"	-0.555232645719669	5.77955312227178	-0.204026326261047	7.31630942747212	1.01932666001718	-0.163257874588571
"TM9SF1"	5.24780795317462	6.92940564850813	5.35081442371162	1.4177889007221	3.68858889567276	8.11988142404087
"CAPN3"	3.10597415260158	2.78135578962247	4.20150775690594	2.03565039368949	-0.958566321266752	4.08867410369534
"LAMB2"	6.18829498727795	-3.83102502776685	1.85835881803886	6.55540454328377	3.87248149072244	3.03859667276581
"CRYBA4"	5.7388229672089	6.08686502135857	-3.62207535197089	7.95589314616067	0.551215867819387	0.663853382449576
"MROH2B"	-1.46366643199588	3.76639629949265	4.45778809414604	4.2462771220287	3.54486746582755	8.88517972956807
"GPRC5D"	4.30189911115413	1.91537778180785	5.36977475304813	2.78442420790467	3.3176968911594	5.57268031206254
"TRBJ2-4"	2.44552907921999	2.53361965450264	6.2246882651631	1.55577119741734	3.09359008111449	8.92102763943361
"SNORA33"	8.98990232945257	-2.14246185462371	0.648595983191853	0.845147307196735	-0.0321845912140342	6.76895297412544
"NECAP1"	5.76334701766616	7.16361181069996	2.99606233802893	2.83388765863065	1.16408069494959	2.97263677817037
"ATP5F1"	3.5023459015136	6.1551374162768	4.34701952434651	4.26995657039273	-0.27049069176999	4.77023501217153
"TECTA"	2.32686250654588	5.89413529488098	1.12028052030993	5.56019372567644	-1.93245233489604	0.970932358569943
"CHST6"	5.09035704325335	-0.77213571567738	-2.10347654408218	2.37002451878347	0.465172641409601	0.95772648911978
"SUMO2P18"	1.84264036298752	2.85050081141534	4.80034811271926	8.27479455911995	3.58824034952175	-0.239891336035076
"C1orf131"	1.31766685935421	3.43248423424037	0.511936626795375	7.53836241828228	0.239531497442782	1.19344283495553
"NTF6A"	2.52319973059505	0.238845671990524	6.05429329007809	5.16983598108581	-0.428776541702119	1.96054110622643
"RNU7-105P"	3.45454153139609	4.40393479457865	4.48819781925488	5.39944534183351	2.84456821706751	6.16720117969817
"RNU6-1216P"	-2.6039035475749	3.65724722391985	7.44041083383802	-3.19245094049096	-0.629785330418896	1.3377440981441
"MIR6858"	4.68818907788758	5.14512002693495	2.07460098117451	4.86985419703253	1.7620649369967	0.113503788408139
"HDGF"	3.86583163724034	0.898044700743944	1.8142090650633	4.14712214476163	5.71102664873515	0.850282427275356
"RN7SL607P"	4.10721334047812	3.91679368950003	-1.73379123367369	5.93254152996462	5.52899901528083	3.28427825829484
"CARD10"	1.6621158110583	4.1009013190071	3.49908800023561	-0.0763529677644188	2.13947443566495	-2.30936074268891
"NUP210P1"	4.80605702064652	0.448100966579332	6.76137934761372	1.27618073120963	5.78488581194644	4.04531901177947
"WNT11"	1.98502476742493	6.03542406856766	1.83757302269295	2.97731638929158	2.88463613404571	3.70143356643982
"NANOGP9"	5.12829573837366	7.86520857078988	-2.1301621989468	4.36666998753873	-1.29098016746086	3.62772509054959
"RNU6-299P"	-0.731102728050698	4.00325054553648	6.27049862858655	4.90874074368307	-0.375890064538546	4.32657081807837
"ZNF606"	4.33487161471599	2.52525561289998	-2.76473424906614	6.63435559948991	2.55899250629885	6.81525401388966
